A 1726 700 1126 74 10 2
A 812 476 1545 317 25 0
A 1893 206 720 577 6 3
A 1252 654 1293 947 8 3
A 1436 489 413 174 8 5
A 1 340 1017 352 16 4
A 569 678 1704 397 25 2
A 1368 462 491 538 17 2
A 1655 280 990 465 22 5
A 1075 633 710 700 18 5
A 1790 582 792 567 24 0
A 61 22 428 1046 17 0
A 1814 431 1830 562 23 5
A 1285 208 1090 319 22 1
A 396 520 1511 581 24 1
A 121 221 867 776 21 1
A 578 181 1864 242 8 5
A 28 974 877 505 18 5
A 84 442 1733 396 10 1
A 240 1036 1246 687 19 3
A 1575 220 1449 398 21 3
A 1666 502 1369 625 13 0
A 126 531 577 783 12 1
A 1033 980 1563 12 18 3
A 1771 573 823 5 17 0
A 1729 710 1291 759 18 3
A 1066 88 490 992 6 3
A 889 944 1483 995 10 3
A 185 55 172 359 5 1
A 384 92 1866 89 18 1
A 744 179 955 1035 12 1
A 1657 103 1801 158 23 4
A 851 476 1567 310 19 3
A 115 45 9 812 10 2
A 382 507 1049 535 13 1
A 433 391 1406 612 8 4
A 230 892 1847 657 21 2
A 1891 898 857 1024 9 0
A 257 562 1667 448 12 0
A 25 586 1137 447 24 4
A 1463 695 181 940 20 0
A 1679 701 372 503 20 2
A 1123 496 1201 307 12 0
A 1806 965 941 275 7 0
A 197 375 1825 770 14 1
A 1550 48 828 1058 23 4
A 849 69 1118 93 10 0
A 871 110 1118 758 7 4
A 1488 859 1223 572 14 3
A 204 740 1193 858 14 1
A 1286 177 1693 209 7 3
A 1281 947 1709 1007 6 5
A 1428 706 1018 582 19 5
A 1635 438 115 790 5 5
A 1686 273 348 4 5 2
A 332 886 1653 371 6 3
A 1603 164 370 37 11 5
A 1037 114 1634 727 12 5
A 422 388 343 291 18 3
A 878 914 732 923 20 5
A 222 664 1747 722 10 1
A 1654 311 693 805 8 3
A 1641 242 240 864 10 1
A 1381 838 963 541 23 4
A 148 768 1271 282 11 2
A 1325 472 1415 90 23 0
A 1905 882 1180 570 6 0
A 990 371 263 39 18 1
A 1164 903 1559 280 14 4
A 1460 205 1144 253 21 4
A 529 488 394 484 8 4
A 1873 203 451 139 19 1
A 1554 141 1532 828 12 2
A 1021 119 218 829 22 5
A 651 821 32 269 11 1
A 1675 770 1241 578 20 4
A 1060 253 1481 26 23 4
A 1277 329 610 535 10 5
A 1804 185 1372 917 14 0
A 403 494 1188 619 8 5
A 448 851 80 1051 13 0
A 1745 855 1759 520 7 4
A 547 626 360 576 7 4
A 1160 180 1908 633 21 1
A 1831 190 1860 968 14 1
A 600 278 587 126 18 0
A 209 601 1670 584 19 2
A 1623 926 368 353 24 3
A 569 632 1583 455 22 4
A 371 797 857 516 9 1
A 423 448 602 311 11 2
A 1263 51 1361 267 17 5
A 525 556 1035 190 22 4
A 996 694 1404 651 8 5
A 217 218 729 888 8 1
A 1501 944 550 344 8 0
A 1371 53 1706 646 17 4
A 1021 995 853 695 8 5
A 602 430 666 485 17 5
A 1727 748 25 129 18 5
A 538 1022 1582 329 20 0
A 979 731 1024 584 12 5
A 839 512 734 683 24 1
A 1561 818 1712 270 18 1
A 168 211 753 1028 23 4
A 497 22 218 448 12 2
A 497 168 1163 257 19 5
A 1102 826 1760 420 19 2
A 726 823 1443 240 20 0
A 1520 61 353 292 14 1
A 1733 807 99 310 19 0
A 333 336 1494 38 5 2
A 982 148 544 369 20 1
A 682 917 1649 56 17 0
A 1002 435 508 85 19 2
A 542 99 1245 385 19 1
A 1163 837 146 892 21 2
A 1802 36 453 652 9 2
A 1611 800 1719 989 20 2
A 73 569 1365 278 18 5
A 58 862 1562 231 7 5
A 1364 377 985 741 9 3
A 897 184 545 251 25 1
A 130 891 97 172 15 0
A 613 868 882 212 12 4
A 1408 409 448 128 7 0
A 1103 256 165 477 15 5
A 1835 1067 973 925 8 4
A 1749 391 1352 72 21 1
A 1827 454 716 745 12 2
A 1209 1079 1145 694 17 3
A 121 586 1846 400 20 2
A 1400 163 1411 86 20 4
A 1368 951 1383 152 19 5
A 1094 133 797 1054 5 5
A 1278 32 816 509 17 1
A 1638 862 1285 948 24 1
A 271 911 22 626 10 0
A 34 1000 210 98 20 4
A 48 779 1031 305 19 2
A 796 889 1646 485 20 1
A 722 900 398 991 7 3
A 183 173 612 1058 23 5
A 671 583 192 648 20 3
A 171 70 254 7 16 1
A 686 119 432 446 24 1
A 1288 129 173 544 11 2
A 1286 931 194 280 21 1
A 940 734 1757 16 23 2
A 483 949 1522 951 24 2
A 1803 459 1493 633 18 3
A 1415 247 1083 36 6 4
A 1208 18 154 733 16 0
A 1553 154 11 230 22 3
A 1709 134 37 242 13 1
A 1348 41 1397 188 5 2
A 1740 258 684 978 11 2
A 1146 887 1033 764 21 2
A 958 307 255 580 24 2
A 369 423 330 892 19 5
A 1499 743 1052 174 5 1
A 513 563 194 965 5 4
A 364 907 1419 871 20 3
A 1752 698 1814 499 22 4
A 1003 762 1352 990 23 1
A 1188 949 493 382 20 5
A 1691 969 1614 520 14 3
A 640 1032 439 107 20 2
A 1615 834 955 871 12 3
A 84 1005 531 262 8 0
A 1800 848 976 846 13 4
A 228 197 1518 619 18 0
A 678 303 1837 532 23 4
A 1308 402 296 984 10 2
A 1473 89 1037 1047 7 5
A 397 846 1583 491 12 4
A 1707 829 1244 886 17 4
A 479 69 1574 417 24 2
A 481 122 1002 942 19 3
A 1483 972 849 853 10 2
A 1416 325 1302 592 23 4
A 718 1063 504 1042 21 1
A 1417 38 984 132 15 5
A 1193 477 543 380 21 0
A 565 923 330 751 10 5
A 232 126 1692 752 23 5
A 79 674 1189 990 19 5
A 190 400 150 544 15 3
A 1898 430 1058 250 23 0
A 782 123 936 59 8 4
A 558 392 634 638 19 2
A 941 506 1738 897 16 0
A 99 202 45 407 15 4
A 430 977 247 116 13 4
A 1541 0 202 717 11 4
A 1823 719 106 935 5 0
A 1627 281 8 1020 8 2
A 1680 970 944 685 5 5
A 1241 269 639 527 21 1
A 423 538 672 649 18 3
A 1084 875 1843 828 13 2
A 1083 380 1082 368 8 3
A 2 1009 1469 535 14 0
A 1595 177 1254 712 11 0
A 370 604 1210 704 16 2
A 917 304 1894 789 19 0
A 1890 1029 1243 87 21 5
A 1271 525 1501 956 16 3
A 195 924 1292 198 13 0
A 1767 308 265 929 9 4
A 1593 203 1198 466 11 3
A 1106 561 1561 429 8 2
A 370 972 1014 355 9 3
A 1224 472 1287 553 25 0
A 1446 993 1195 119 12 1
A 739 172 1275 115 25 2
A 1265 413 567 903 21 1
A 1506 606 781 178 18 0
A 1858 768 1673 462 7 0
A 850 4 210 747 14 3
A 1706 884 1690 833 20 1
A 476 1003 1735 567 18 5
A 237 487 732 206 19 4
A 1789 1011 1636 1062 15 0
A 349 369 117 398 7 5
A 525 986 1576 939 16 0
A 288 938 282 395 21 3
A 1248 273 198 414 20 4
A 1884 336 1094 93 13 4
A 771 446 507 362 22 4
A 962 387 1753 952 16 1
A 884 155 1653 223 22 1
A 175 658 1615 990 9 3
A 825 291 1043 887 12 1
A 1848 172 1627 1006 5 5
A 1296 898 851 618 24 2
A 21 640 531 693 14 0
A 1285 628 1480 955 15 3
A 1788 788 126 637 12 5
A 1635 681 307 528 23 5
A 943 458 786 840 19 0
A 140 775 1811 687 21 4
A 1596 769 135 571 9 5
A 572 1053 1615 583 6 4
A 1069 834 1306 434 16 5
A 1580 669 786 752 13 3
A 333 312 532 277 5 3
A 4 410 802 629 13 2
A 62 951 663 331 7 4
A 1199 752 991 555 5 3
A 304 980 508 112 17 4
A 278 1026 116 239 12 0
A 1285 93 109 976 25 1
A 1 575 267 891 10 3
A 1696 603 236 23 17 5
A 642 654 296 574 18 0
A 1584 988 92 702 5 2
A 1257 737 404 961 13 3
A 440 93 9 97 23 0
A 1159 325 635 112 16 1
A 1858 539 1303 292 14 5
A 834 577 574 151 9 5
A 794 823 1848 283 22 2
A 1868 643 1532 492 17 5
A 328 1024 373 440 24 2
A 114 220 1440 959 13 1
A 610 365 1672 117 15 5
A 1683 441 891 152 6 1
A 1288 81 443 188 5 2
A 349 490 1076 723 22 4
A 573 439 1142 935 10 5
A 928 493 1532 731 5 3
A 445 510 1344 843 16 5
A 1759 694 1467 190 12 0
A 1525 755 435 895 18 0
A 279 479 1235 484 25 3
A 1688 886 1554 205 12 4
A 83 987 63 807 9 5
A 432 539 26 104 23 5
A 1268 533 87 303 20 2
A 77 503 709 267 23 3
A 1123 744 708 708 15 4
A 492 1033 1547 596 11 2
A 425 869 1522 813 7 4
A 1114 943 565 1067 6 2
A 50 646 1216 337 24 5
A 1713 526 19 604 22 5
A 631 200 1891 84 22 2
A 231 577 1739 520 24 0
A 1034 311 1545 239 19 3
A 1629 169 794 519 20 0
A 969 391 612 386 11 0
A 377 762 385 89 9 5
A 1554 535 52 231 14 5
A 36 911 1762 123 24 5
A 754 145 869 193 19 4
A 941 987 1019 112 13 1
A 669 638 196 147 24 4
A 633 856 814 347 10 4
A 1368 783 1376 901 5 2
A 1601 869 878 904 7 4
A 202 554 1556 839 13 3
A 1679 421 990 491 9 1
A 1327 694 1409 504 25 5
A 582 291 868 925 7 2
A 977 731 386 535 23 4
A 1147 477 1600 640 20 1
A 1489 577 1002 551 13 4
A 180 1018 694 208 17 0
A 1465 529 1849 769 6 5
A 1906 332 489 653 24 0
A 776 641 1827 477 18 0
A 1803 277 1785 229 18 2
A 1749 588 1678 876 5 0
A 476 219 1662 14 24 4
A 195 480 575 450 11 1
A 98 1000 866 797 13 3
A 912 983 1722 378 19 2
A 808 490 1779 586 5 0
A 359 648 1807 349 22 5
A 697 72 168 17 18 5
A 1596 672 688 284 25 1
A 1257 21 1287 1006 5 5
A 1065 815 942 1010 24 5
A 1539 406 695 498 22 5
A 1437 910 1346 527 15 2
A 128 696 1614 562 17 3
A 886 859 1777 275 23 5
A 1702 371 520 893 20 5
A 1150 721 363 126 24 4
A 657 27 551 648 7 1
A 948 1006 27 367 7 0
A 1761 897 1408 179 24 4
A 109 400 1062 357 8 3
A 112 504 1304 592 24 1
A 736 81 1300 616 22 5
A 763 450 1143 639 15 3
A 850 932 1624 304 20 4
A 41 707 686 48 10 5
A 1600 780 1487 972 12 0
A 195 874 733 933 24 2
A 1891 47 218 316 22 3
A 1489 714 999 772 14 3
A 1342 201 517 186 23 1
A 1830 678 689 918 17 5
A 1834 941 1608 1024 17 1
A 642 197 1020 456 21 2
A 1625 1071 1502 864 7 0
A 41 623 365 318 14 1
A 1462 337 1732 994 8 4
A 1411 781 1626 884 15 2
A 850 659 707 1075 18 0
A 190 277 415 612 11 2
A 1687 652 887 385 14 0
A 827 847 382 948 20 2
A 647 19 131 191 9 0
A 32 580 1748 1011 16 2
A 288 884 1495 13 5 5
A 680 642 218 811 15 0
A 471 198 1563 982 22 1
A 899 407 526 858 13 0
A 44 586 419 65 16 2
A 1556 794 38 505 19 3
A 860 523 1723 144 10 0
A 479 107 639 612 10 0
A 1073 400 1855 671 12 4
A 408 471 1328 117 16 2
A 1238 200 92 352 10 1
A 691 240 669 85 17 4
A 1627 554 394 996 8 5
A 1029 181 399 751 20 2
A 1397 942 1480 791 8 3
A 1554 917 423 60 21 0
A 1495 851 1227 977 9 1
A 132 636 945 142 13 1
A 670 523 203 474 15 4
A 341 542 1913 442 24 1
A 464 721 1700 552 21 4
A 744 161 211 656 9 2
A 115 504 1101 430 7 5
A 95 818 358 43 18 5
A 729 481 1725 819 23 0
A 351 809 169 118 20 4
A 880 614 1786 556 7 2
A 1768 97 1803 543 6 5
A 360 788 758 241 11 2
A 1072 796 423 303 16 3
A 951 401 102 563 12 0
A 459 528 96 930 19 4
A 29 569 202 3 10 4
A 1396 403 1378 140 14 0
A 309 368 363 597 21 1
A 1043 475 437 253 11 1
A 961 517 863 744 23 2
A 619 932 1428 13 16 4
A 1547 674 713 984 21 5
A 1566 486 1761 517 7 0
A 1417 229 766 1000 14 4
A 933 194 214 769 11 3
A 1449 77 1109 256 16 3
A 1467 222 415 541 25 4
A 390 934 1222 426 24 1
A 1533 0 259 839 24 4
A 102 970 730 275 6 0
A 664 541 773 259 6 2
A 217 173 744 691 22 5
A 578 921 1414 1000 8 3
A 262 357 856 514 25 4
A 383 729 1661 170 6 3
A 1474 453 1224 957 23 4
A 108 971 710 24 6 1
A 198 359 1603 1072 5 4
A 1319 988 1520 688 21 2
A 470 815 473 487 10 3
A 1672 503 347 174 9 5
A 1040 214 1190 557 6 3
A 1463 415 1142 242 24 2
A 1716 638 938 850 9 1
A 1268 1069 537 902 24 1
A 1722 66 1663 724 6 4
A 1807 807 379 988 11 1
A 99 971 942 122 9 5
A 354 359 1716 916 16 5
A 1092 549 838 759 17 3
A 1569 81 325 880 13 0
A 413 835 1520 182 5 5
A 1900 501 1827 396 11 3
A 1825 408 856 669 6 2
A 818 1071 1029 616 14 4
A 249 189 343 85 8 3
A 884 621 866 645 10 4
A 1590 737 1283 983 23 2
A 1037 183 870 902 20 4
A 438 963 1020 793 25 2
A 10 665 1417 717 7 5
A 63 851 494 58 15 1
A 1202 38 326 883 18 2
A 1309 193 1670 42 11 2
A 131 245 911 413 15 5
A 533 1006 1850 474 20 2
A 850 596 1023 243 22 1
A 1524 586 308 553 19 1
A 351 852 963 866 21 4
A 1270 176 1899 711 16 5
A 773 504 1476 233 15 5
A 114 629 648 624 7 5
A 142 1072 615 437 25 4
A 794 253 1814 272 24 4
A 1346 784 956 718 22 2
A 234 32 756 332 12 0
A 671 1016 524 564 11 2
A 1390 223 86 695 10 5
A 1149 622 1552 639 23 5
A 982 196 72 696 16 2
A 408 654 1177 1025 10 0
A 1154 512 110 358 12 1
A 698 512 420 371 12 2
A 248 907 1254 702 15 4
A 1662 727 127 400 9 4
A 879 541 820 291 13 4
A 1416 239 1749 200 23 1
A 1753 966 1588 93 13 3
A 816 19 131 989 15 0
A 516 565 285 454 21 0
A 119 333 1790 1005 7 5
A 762 197 514 589 23 1
A 1494 496 223 792 7 2
A 1261 653 108 177 18 1
A 425 467 1643 754 12 1
A 217 172 1914 211 25 3
A 462 928 1340 610 16 3
A 560 524 451 605 12 2
A 189 72 541 95 25 1
A 1355 14 372 236 21 1
A 1056 868 1744 519 9 1
A 926 372 1245 185 14 1
A 712 11 113 818 22 3
A 1745 842 1159 648 12 0
A 563 496 884 673 16 3
A 584 630 1429 399 9 4
A 1150 68 393 221 24 0
A 1387 281 1182 1035 13 0
A 1519 470 1064 383 7 2
A 337 1041 940 992 24 3
A 962 534 617 884 11 4
A 1094 127 1832 291 13 2
A 1105 649 502 834 6 4
A 671 752 1182 226 6 2
A 1279 150 603 763 19 0
A 995 435 252 101 25 4
A 95 724 1600 899 11 3
A 179 450 1420 219 8 3
A 1105 275 1569 204 8 3
A 463 63 1459 913 5 5
A 1854 13 29 96 13 5
A 1526 439 293 363 7 4
A 667 850 546 248 21 2
A 690 1074 282 838 10 0
A 493 649 1746 146 24 0
A 103 714 669 969 10 5
T 1866 919 24
T 402 322 14
T 1650 288 25